CPython-10x10: 10.5230112076
CPython-20x20: 17.2989878654
CPython-25x25: 2.58194804192
CPython-30x30: 19.9982860088
CPython-35x35: 26.827780962
CPython-50x50: 663.425569057
MB hot!
PyPy-10x10: 1.23251390457
PyPy-20x20: 22.766988039
PyPy-25x25: 11.0947399139
PyPy-30x30: 4.86182904243
PyPy-35x35: 28.0222098827
PyPy-50x50: 117.659983158
PyPy-60x60: 1067.48790312
CPython-10x10: 45.2649040222
CPython-20x20: 21.7002091408
CPython-25x25: 2.24869203568
CPython-30x30: 287.958929062
CPython-35x35: 75.6954591274
CPython-50x50: 442.864713907
CPython-60x60: 1590.34865999
MB hot!
PyPy-10x10: 1.50459504128
PyPy-20x20: 3.30886411667
PyPy-25x25: 10.3760669231
PyPy-30x30: 12.4897148609
PyPy-35x35: 42.6324930191
PyPy-50x50: 845.829719067
PyPy-60x60: 1425.57044911
CPython-10x10: 0.11620092392
CPython-20x20: 1.22298598289
CPython-25x25: 2.88931393623
CPython-30x30: 5.83537912369
CPython-35x35: 9.92251205444
CPython-50x50: 172.136270046
CPython-60x60: 1336.48224187
MB hot!
PyPy-10x10: 0.551553964615
PyPy-20x20: 21.2838289738
PyPy-25x25: 3.0262260437
PyPy-30x30: 31.5794949532
PyPy-35x35: 43.2622160912
PyPy-50x50: 90.5894570351
PyPy-60x60: 2357.69757891
CPython-10x10: 0.0897600650787
CPython-20x20: 7.54861307144
CPython-25x25: 27.2074010372
CPython-30x30: 74.0623860359
CPython-35x35: 12.0238461494
CPython-50x50: 783.228555202
CPython-60x60: 76.0682859421
PyPy-10x10: 1.67483496666
PyPy-20x20: 10.5639960766
PyPy-25x25: 13.1325390339
PyPy-30x30: 