4 timeouts CPython-70x70 added as values > 7200
1 timeout CPython-60x60 added as value > 7200
1 timeout PyPy-70x70 added as value > 7200
CPython-20x20: 15.6717908382
CPython-30x30: 5.18504309654
CPython-40x40: 162.826390982
CPython-50x50: 417.104789972
CPython-60x60: 2850.45487189
CPython-70x70: 3854.82680798
PyPy-20x20: 1.83808803558
PyPy-30x30: 125.839032888
PyPy-40x40: 127.980518103
PyPy-50x50: 269.355295897
PyPy-60x60: 1723.09865117
PyPy-70x70: 410.90350008
CPython-20x20: 29.3059210777
CPython-30x30: 21.4073121548
CPython-40x40: 135.743083
CPython-50x50: 92.0881609917
CPython-60x60: 2628.98098111
CPython-70x70: 1811.69736099
PyPy-20x20: 4.58528709412
PyPy-30x30: 17.6186819077
PyPy-40x40: 23.5579521656
PyPy-50x50: 25.2907660007
PyPy-60x60: 